119,113,128
119,113,128
119,113,128
119,113,128
119,113,128
119,113,128
119,113,128
119,113,128
119,113,128
115,115,119
115,115,119
115,115,119
115,115,119
115,115,119
115,115,119
115,115,119
115,115,119
115,115,119
113,113,128
113,113,128
113,113,128
113,113,128
113,113,128
113,113,128
113,113,128
113,113,128
113,113,128
119,113,128
119,113,128
119,113,128
119,113,128
119,113,128
119,113,128
119,113,128
119,113,128
119,113,128
113,113,128
113,113,128
113,113,128
113,113,128
113,113,128
113,113,128
113,113,128
113,113,128
113,113,128
116,113,118
116,113,118
116,113,118
116,113,118
116,113,118
116,113,118
116,113,118
116,113,118
116,113,118
115,115,131
115,115,131
115,115,131
115,115,131
115,115,131
115,115,131
115,115,131
115,115,131
115,115,131
116,116,131
116,115,131
116,116,131
116,116,131
116,116,134
116,116,134
116,116,134
116,116,134
116,115,134
116,113,119
116,113,119
116,113,119
116,113,119
116,113,119
116,113,119
116,113,119
116,113,119
116,113,119
116,116,134
116,116,134
116,116,134
116,116,134
116,123,131
116,116,131
116,123,131
116,123,131
116,116,131
116,113,129
116,113,129
116,113,129
116,113,129
116,113,128
116,113,128
116,113,128
116,113,128
116,113,128
134,115,128
